3999.64014	0.07286
3997.71167	0.07303
3995.78320	0.07317
3993.85474	0.07324
3991.92627	0.07332
3989.99780	0.07349
3988.06934	0.07373
3986.14087	0.07399
3984.21240	0.07426
3982.28394	0.07449
3980.35547	0.07458
3978.42700	0.07451
3976.49854	0.07447
3974.57007	0.07455
3972.64160	0.07473
3970.71313	0.07488
3968.78467	0.07496
3966.85620	0.07510
3964.92773	0.07535
3962.99927	0.07561
3961.07080	0.07583
3959.14233	0.07600
3957.21387	0.07608
3955.28540	0.07605
3953.35693	0.07610
3951.42847	0.07631
3949.50000	0.07651
3947.57153	0.07662
3945.64307	0.07671
3943.71460	0.07679
3941.78613	0.07693
3939.85767	0.07719
3937.92920	0.07747
3936.00073	0.07763
3934.07227	0.07770
3932.14380	0.07779
3930.21533	0.07795
3928.28687	0.07818
3926.35840	0.07844
3924.42993	0.07871
3922.50146	0.07894
3920.57300	0.07912
3918.64453	0.07931
3916.71606	0.07960
3914.78760	0.07990
3912.85913	0.08005
3910.93066	0.08013
3909.00220	0.08025
3907.07373	0.08037
3905.14526	0.08040
3903.21680	0.08039
3901.28833	0.08042
3899.35986	0.08051
3897.43140	0.08072
3895.50293	0.08106
3893.57446	0.08138
3891.64600	0.08162
3889.71753	0.08179
3887.78906	0.08178
3885.86060	0.08171
3883.93213	0.08181
3882.00366	0.08202
3880.07520	0.08215
3878.14673	0.08222
3876.21826	0.08230
3874.28979	0.08245
3872.36133	0.08271
3870.43286	0.08298
3868.50439	0.08321
3866.57593	0.08342
3864.64746	0.08363
3862.71899	0.08387
3860.79053	0.08409
3858.86206	0.08419
3856.93359	0.08416
3855.00513	0.08415
3853.07666	0.08428
3851.14819	0.08452
3849.21973	0.08474
3847.29126	0.08491
3845.36279	0.08503
3843.43433	0.08507
3841.50586	0.08508
3839.57739	0.08522
3837.64893	0.08552
3835.72046	0.08577
3833.79199	0.08589
3831.86353	0.08594
3829.93506	0.08601
3828.00659	0.08615
3826.07813	0.08637
3824.14966	0.08654
3822.22119	0.08662
3820.29272	0.08674
3818.36426	0.08690
3816.43579	0.08703
3814.50732	0.08716
3812.57886	0.08732
3810.65039	0.08747
3808.72192	0.08757
3806.79346	0.08767
3804.86499	0.08777
3802.93652	0.08786
3801.00806	0.08805
3799.07959	0.08835
3797.15112	0.08864
3795.22266	0.08893
3793.29419	0.08926
3791.36572	0.08952
3789.43726	0.08969
3787.50879	0.08983
3785.58032	0.08992
3783.65186	0.08996
3781.72339	0.08994
3779.79492	0.08988
3777.86646	0.08992
3775.93799	0.09005
3774.00952	0.09017
3772.08105	0.09025
3770.15259	0.09032
3768.22412	0.09047
3766.29565	0.09068
3764.36719	0.09089
3762.43872	0.09107
3760.51025	0.09122
3758.58179	0.09134
3756.65332	0.09146
3754.72485	0.09152
3752.79639	0.09156
3750.86792	0.09166
3748.93945	0.09174
3747.01099	0.09167
3745.08252	0.09155
3743.15405	0.09161
3741.22559	0.09182
3739.29712	0.09187
3737.36865	0.09173
3735.44019	0.09168
3733.51172	0.09187
3731.58325	0.09214
3729.65479	0.09227
3727.72632	0.09231
3725.79785	0.09246
3723.86938	0.09269
3721.94092	0.09283
3720.01245	0.09287
3718.08398	0.09295
3716.15552	0.09301
3714.22705	0.09297
3712.29858	0.09288
3710.37012	0.09291
3708.44165	0.09311
3706.51318	0.09335
3704.58472	0.09343
3702.65625	0.09345
3700.72778	0.09364
3698.79932	0.09394
3696.87085	0.09418
3694.94238	0.09427
3693.01392	0.09421
3691.08545	0.09417
3689.15698	0.09426
3687.22852	0.09439
3685.30005	0.09445
3683.37158	0.09451
3681.44312	0.09461
3679.51465	0.09468
3677.58618	0.09473
3675.65771	0.09488
3673.72925	0.09521
3671.80078	0.09560
3669.87231	0.09584
3667.94385	0.09599
3666.01538	0.09609
3664.08691	0.09598
3662.15845	0.09559
3660.22998	0.09510
3658.30151	0.09460
3656.37305	0.09413
3654.44458	0.09371
3652.51611	0.09333
3650.58765	0.09302
3648.65918	0.09277
3646.73071	0.09262
3644.80225	0.09258
3642.87378	0.09256
3640.94531	0.09247
3639.01685	0.09229
3637.08838	0.09197
3635.15991	0.09154
3633.23145	0.09113
3631.30298	0.09074
3629.37451	0.09032
3627.44604	0.08993
3625.51758	0.08962
3623.58911	0.08931
3621.66064	0.08896
3619.73218	0.08857
3617.80371	0.08812
3615.87524	0.08760
3613.94678	0.08711
3612.01831	0.08671
3610.08984	0.08627
3608.16138	0.08577
3606.23291	0.08534
3604.30444	0.08493
3602.37598	0.08440
3600.44751	0.08379
3598.51904	0.08320
3596.59058	0.08260
3594.66211	0.08196
3592.73364	0.08135
3590.80518	0.08073
3588.87671	0.08010
3586.94824	0.07953
3585.01978	0.07898
3583.09131	0.07842
3581.16284	0.07788
3579.23438	0.07735
3577.30591	0.07683
3575.37744	0.07628
3573.44897	0.07574
3571.52051	0.07520
3569.59204	0.07456
3567.66357	0.07391
3565.73511	0.07342
3563.80664	0.07306
3561.87817	0.07268
3559.94971	0.07221
3558.02124	0.07164
3556.09277	0.07110
3554.16431	0.07065
3552.23584	0.07024
3550.30737	0.06981
3548.37891	0.06931
3546.45044	0.06875
3544.52197	0.06826
3542.59351	0.06783
3540.66504	0.06736
3538.73657	0.06692
3536.80811	0.06660
3534.87964	0.06625
3532.95117	0.06574
3531.02271	0.06517
3529.09424	0.06468
3527.16577	0.06432
3525.23730	0.06398
3523.30884	0.06360
3521.38037	0.06320
3519.45190	0.06285
3517.52344	0.06253
3515.59497	0.06212
3513.66650	0.06161
3511.73804	0.06117
3509.80957	0.06089
3507.88110	0.06065
3505.95264	0.06029
3504.02417	0.05980
3502.09570	0.05932
3500.16724	0.05897
3498.23877	0.05868
3496.31030	0.05837
3494.38184	0.05799
3492.45337	0.05755
3490.52490	0.05707
3488.59644	0.05661
3486.66797	0.05619
3484.73950	0.05580
3482.81104	0.05544
3480.88257	0.05504
3478.95410	0.05457
3477.02563	0.05413
3475.09717	0.05379
3473.16870	0.05339
3471.24023	0.05284
3469.31177	0.05234
3467.38330	0.05200
3465.45483	0.05172
3463.52637	0.05139
3461.59790	0.05100
3459.66943	0.05058
3457.74097	0.05015
3455.81250	0.04976
3453.88403	0.04943
3451.95557	0.04920
3450.02710	0.04908
3448.09863	0.04891
3446.17017	0.04862
3444.24170	0.04834
3442.31323	0.04816
3440.38477	0.04810
3438.45630	0.04813
3436.52783	0.04817
3434.59937	0.04818
3432.67090	0.04817
3430.74243	0.04814
3428.81396	0.04816
3426.88550	0.04832
3424.95703	0.04854
3423.02856	0.04874
3421.10010	0.04896
3419.17163	0.04923
3417.24316	0.04951
3415.31470	0.04979
3413.38623	0.05008
3411.45776	0.05033
3409.52930	0.05060
3407.60083	0.05099
3405.67236	0.05149
3403.74390	0.05197
3401.81543	0.05238
3399.88696	0.05272
3397.95850	0.05304
3396.03003	0.05341
3394.10156	0.05388
3392.17310	0.05438
3390.24463	0.05486
3388.31616	0.05540
3386.38770	0.05603
3384.45923	0.05676
3382.53076	0.05774
3380.60229	0.05898
3378.67383	0.06036
3376.74536	0.06186
3374.81689	0.06357
3372.88843	0.06565
3370.95996	0.06825
3369.03149	0.07141
3367.10303	0.07501
3365.17456	0.07894
3363.24609	0.08266
3361.31763	0.08514
3359.38916	0.08575
3357.46069	0.08487
3355.53223	0.08351
3353.60376	0.08241
3351.67529	0.08177
3349.74683	0.08146
3347.81836	0.08138
3345.88989	0.08151
3343.96143	0.08178
3342.03296	0.08212
3340.10449	0.08250
3338.17603	0.08299
3336.24756	0.08360
3334.31909	0.08422
3332.39063	0.08478
3330.46216	0.08526
3328.53369	0.08572
3326.60522	0.08623
3324.67676	0.08677
3322.74829	0.08727
3320.81982	0.08769
3318.89136	0.08807
3316.96289	0.08848
3315.03442	0.08893
3313.10596	0.08945
3311.17749	0.08994
3309.24902	0.09032
3307.32056	0.09061
3305.39209	0.09095
3303.46362	0.09146
3301.53516	0.09208
3299.60669	0.09265
3297.67822	0.09315
3295.74976	0.09360
3293.82129	0.09407
3291.89282	0.09453
3289.96436	0.09491
3288.03589	0.09522
3286.10742	0.09550
3284.17896	0.09579
3282.25049	0.09610
3280.32202	0.09642
3278.39355	0.09677
3276.46509	0.09716
3274.53662	0.09755
3272.60815	0.09787
3270.67969	0.09813
3268.75122	0.09845
3266.82275	0.09891
3264.89429	0.09937
3262.96582	0.09973
3261.03735	0.10007
3259.10889	0.10042
3257.18042	0.10075
3255.25195	0.10102
3253.32349	0.10129
3251.39502	0.10161
3249.46655	0.10195
3247.53809	0.10230
3245.60962	0.10268
3243.68115	0.10310
3241.75269	0.10358
3239.82422	0.10405
3237.89575	0.10446
3235.96729	0.10485
3234.03882	0.10528
3232.11035	0.10574
3230.18188	0.10618
3228.25342	0.10660
3226.32495	0.10702
3224.39648	0.10746
3222.46802	0.10789
3220.53955	0.10834
3218.61108	0.10894
3216.68262	0.10970
3214.75415	0.11054
3212.82568	0.11138
3210.89722	0.11220
3208.96875	0.11303
3207.04028	0.11382
3205.11182	0.11449
3203.18335	0.11507
3201.25488	0.11570
3199.32642	0.11646
3197.39795	0.11737
3195.46948	0.11833
3193.54102	0.11931
3191.61255	0.12038
3189.68408	0.12155
3187.75562	0.12277
3185.82715	0.12397
3183.89868	0.12521
3181.97021	0.12657
3180.04175	0.12800
3178.11328	0.12945
3176.18481	0.13098
3174.25635	0.13266
3172.32788	0.13444
3170.39941	0.13624
3168.47095	0.13807
3166.54248	0.14001
3164.61401	0.14205
3162.68555	0.14410
3160.75708	0.14611
3158.82861	0.14802
3156.90015	0.14970
3154.97168	0.15100
3153.04321	0.15179
3151.11475	0.15201
3149.18628	0.15179
3147.25781	0.15135
3145.32935	0.15086
3143.40088	0.15040
3141.47241	0.15006
3139.54395	0.14996
3137.61548	0.15017
3135.68701	0.15064
3133.75854	0.15131
3131.83008	0.15224
3129.90161	0.15351
3127.97314	0.15502
3126.04468	0.15662
3124.11621	0.15820
3122.18774	0.15968
3120.25928	0.16103
3118.33081	0.16227
3116.40234	0.16354
3114.47388	0.16496
3112.54541	0.16656
3110.61694	0.16830
3108.68848	0.17015
3106.76001	0.17215
3104.83154	0.17441
3102.90308	0.17687
3100.97461	0.17941
3099.04614	0.18200
3097.11768	0.18475
3095.18921	0.18766
3093.26074	0.19063
3091.33228	0.19354
3089.40381	0.19644
3087.47534	0.19940
3085.54688	0.20245
3083.61841	0.20569
3081.68994	0.20925
3079.76147	0.21320
3077.83301	0.21763
3075.90454	0.22271
3073.97607	0.22863
3072.04761	0.23572
3070.11914	0.24450
3068.19067	0.25535
3066.26221	0.26768
3064.33374	0.27929
3062.40527	0.28709
3060.47681	0.28977
3058.54834	0.28927
3056.61987	0.28869
3054.69141	0.28978
3052.76294	0.29267
3050.83447	0.29687
3048.90601	0.30201
3046.97754	0.30791
3045.04907	0.31443
3043.12061	0.32111
3041.19214	0.32729
3039.26367	0.33279
3037.33521	0.33809
3035.40674	0.34377
3033.47827	0.34980
3031.54980	0.35554
3029.62134	0.36032
3027.69287	0.36407
3025.76440	0.36746
3023.83594	0.37143
3021.90747	0.37672
3019.97900	0.38350
3018.05054	0.39162
3016.12207	0.40086
3014.19360	0.41068
3012.26514	0.42012
3010.33667	0.42804
3008.40820	0.43375
3006.47974	0.43772
3004.55127	0.44153
3002.62280	0.44715
3000.69434	0.45594
2998.76587	0.46838
2996.83740	0.48427
2994.90894	0.50285
2992.98047	0.52254
2991.05200	0.54148
2989.12354	0.55950
2987.19507	0.57902
2985.26660	0.60308
2983.33813	0.63298
2981.40967	0.66747
2979.48120	0.70208
2977.55273	0.72995
2975.62427	0.74710
2973.69580	0.75687
2971.76733	0.76607
2969.83887	0.77885
2967.91040	0.79753
2965.98193	0.82601
2964.05347	0.86690
2962.12500	0.91486
2960.19653	0.95617
2958.26807	0.97835
2956.33960	0.98121
2954.41113	0.97466
2952.48267	0.96789
2950.55420	0.96509
2948.62573	0.96798
2946.69727	0.97699
2944.76880	0.99030
2942.84033	1.00418
2940.91187	1.01463
2938.98340	1.01801
2937.05493	1.01143
2935.12646	0.99398
2933.19800	0.96747
2931.26953	0.93598
2929.34106	0.90477
2927.41260	0.87855
2925.48413	0.86001
2923.55566	0.84932
2921.62720	0.84425
2919.69873	0.84095
2917.77026	0.83538
2915.84180	0.82449
2913.91333	0.80720
2911.98486	0.78499
2910.05640	0.76100
2908.12793	0.73819
2906.19946	0.71827
2904.27100	0.70149
2902.34253	0.68723
2900.41406	0.67470
2898.48560	0.66312
2896.55713	0.65192
2894.62866	0.64086
2892.70020	0.62997
2890.77173	0.61950
2888.84326	0.60987
2886.91479	0.60168
2884.98633	0.59608
2883.05786	0.59500
2881.12939	0.60023
2879.20093	0.61143
2877.27246	0.62394
2875.34399	0.62973
2873.41553	0.62350
2871.48706	0.60793
2869.55859	0.59047
2867.63013	0.57590
2865.70166	0.56346
2863.77319	0.54970
2861.84473	0.53292
2859.91626	0.51470
2857.98779	0.49781
2856.05933	0.48403
2854.13086	0.47366
2852.20239	0.46614
2850.27393	0.46076
2848.34546	0.45712
2846.41699	0.45515
2844.48853	0.45491
2842.56006	0.45643
2840.63159	0.45978
2838.70313	0.46505
2836.77466	0.47235
2834.84619	0.48162
2832.91772	0.49228
2830.98926	0.50308
2829.06079	0.51219
2827.13232	0.51775
2825.20386	0.51888
2823.27539	0.51670
2821.34692	0.51370
2819.41846	0.51222
2817.48999	0.51320
2815.56152	0.51622
2813.63306	0.51977
2811.70459	0.52210
2809.77612	0.52268
2807.84766	0.52293
2805.91919	0.52530
2803.99072	0.53188
2802.06226	0.54338
2800.13379	0.55922
2798.20532	0.57811
2796.27686	0.59771
2794.34839	0.61410
2792.41992	0.62254
2790.49146	0.61964
2788.56299	0.60540
2786.63452	0.58294
2784.70605	0.55632
2782.77759	0.52903
2780.84912	0.50379
2778.92065	0.48258
2776.99219	0.46637
2775.06372	0.45514
2773.13525	0.44822
2771.20679	0.44457
2769.27832	0.44307
2767.34985	0.44266
2765.42139	0.44240
2763.49292	0.44163
2761.56445	0.44035
2759.63599	0.43943
2757.70752	0.43996
2755.77905	0.44266
2753.85059	0.44807
2751.92212	0.45701
2749.99365	0.47079
2748.06519	0.49056
2746.13672	0.51600
2744.20825	0.54418
2742.27979	0.56988
2740.35132	0.58791
2738.42285	0.59611
2736.49438	0.59616
2734.56592	0.59107
2732.63745	0.58221
2730.70898	0.56873
2728.78052	0.55000
2726.85205	0.52816
2724.92358	0.50728
2722.99512	0.49044
2721.06665	0.47841
2719.13818	0.47007
2717.20972	0.46366
2715.28125	0.45770
2713.35278	0.45127
2711.42432	0.44385
2709.49585	0.43538
2707.56738	0.42634
2705.63892	0.41743
2703.71045	0.40920
2701.78198	0.40188
2699.85352	0.39560
2697.92505	0.39042
2695.99658	0.38629
2694.06812	0.38325
2692.13965	0.38161
2690.21118	0.38168
2688.28271	0.38328
2686.35425	0.38561
2684.42578	0.38727
2682.49731	0.38669
2680.56885	0.38297
2678.64038	0.37646
2676.71191	0.36869
2674.78345	0.36154
2672.85498	0.35627
2670.92651	0.35292
2668.99805	0.35050
2667.06958	0.34767
2665.14111	0.34341
2663.21265	0.33733
2661.28418	0.32965
2659.35571	0.32092
2657.42725	0.31161
2655.49878	0.30202
2653.57031	0.29250
2651.64185	0.28344
2649.71338	0.27518
2647.78491	0.26784
2645.85645	0.26139
2643.92798	0.25578
2641.99951	0.25093
2640.07104	0.24666
2638.14258	0.24271
2636.21411	0.23877
2634.28564	0.23466
2632.35718	0.23034
2630.42871	0.22588
2628.50024	0.22144
2626.57178	0.21719
2624.64331	0.21321
2622.71484	0.20956
2620.78638	0.20626
2618.85791	0.20327
2616.92944	0.20061
2615.00098	0.19838
2613.07251	0.19668
2611.14404	0.19546
2609.21558	0.19459
2607.28711	0.19391
2605.35864	0.19334
2603.43018	0.19279
2601.50171	0.19203
2599.57324	0.19082
2597.64478	0.18902
2595.71631	0.18671
2593.78784	0.18411
2591.85938	0.18144
2589.93091	0.17888
2588.00244	0.17646
2586.07397	0.17409
2584.14551	0.17163
2582.21704	0.16914
2580.28857	0.16677
2578.36011	0.16472
2576.43164	0.16305
2574.50317	0.16174
2572.57471	0.16072
2570.64624	0.15998
2568.71777	0.15953
2566.78931	0.15929
2564.86084	0.15910
2562.93237	0.15891
2561.00391	0.15872
2559.07544	0.15861
2557.14697	0.15875
2555.21851	0.15931
2553.29004	0.16043
2551.36157	0.16223
2549.43311	0.16484
2547.50464	0.16837
2545.57617	0.17286
2543.64771	0.17822
2541.71924	0.18427
2539.79077	0.19060
2537.86230	0.19658
2535.93384	0.20137
2534.00537	0.20397
2532.07690	0.20367
2530.14844	0.20045
2528.21997	0.19520
2526.29150	0.18917
2524.36304	0.18348
2522.43457	0.17892
2520.50610	0.17596
2518.57764	0.17475
2516.64917	0.17517
2514.72070	0.17692
2512.79224	0.17975
2510.86377	0.18361
2508.93530	0.18856
2507.00684	0.19449
2505.07837	0.20079
2503.14990	0.20654
2501.22144	0.21072
2499.29297	0.21261
2497.36450	0.21202
2495.43604	0.20982
2493.50757	0.20788
2491.57910	0.20836
2489.65063	0.21269
2487.72217	0.22096
2485.79370	0.23202
2483.86523	0.24406
2481.93677	0.25489
2480.00830	0.26199
2478.07983	0.26287
2476.15137	0.25660
2474.22290	0.24508
2472.29443	0.23188
2470.36597	0.21993
2468.43750	0.21051
2466.50903	0.20374
2464.58057	0.19913
2462.65210	0.19582
2460.72363	0.19287
2458.79517	0.18946
2456.86670	0.18511
2454.93823	0.17973
2453.00977	0.17363
2451.08130	0.16731
2449.15283	0.16123
2447.22437	0.15574
2445.29590	0.15101
2443.36743	0.14712
2441.43896	0.14412
2439.51050	0.14199
2437.58203	0.14063
2435.65356	0.13983
2433.72510	0.13929
2431.79663	0.13867
2429.86816	0.13773
2427.93970	0.13649
2426.01123	0.13519
2424.08276	0.13415
2422.15430	0.13349
2420.22583	0.13317
2418.29736	0.13298
2416.36890	0.13271
2414.44043	0.13225
2412.51196	0.13156
2410.58350	0.13069
2408.65503	0.12972
2406.72656	0.12882
2404.79810	0.12812
2402.86963	0.12761
2400.94116	0.12724
2399.01270	0.12699
2397.08423	0.12691
2395.15576	0.12703
2393.22729	0.12744
2391.29883	0.12828
2389.37036	0.12979
2387.44189	0.13214
2385.51343	0.13539
2383.58496	0.13940
2381.65649	0.14392
2379.72803	0.14862
2377.79956	0.15303
2375.87109	0.15644
2373.94263	0.15798
2372.01416	0.15688
2370.08569	0.15301
2368.15723	0.14727
2366.22876	0.14128
2364.30029	0.13644
2362.37183	0.13351
2360.44336	0.13256
2358.51489	0.13328
2356.58643	0.13518
2354.65796	0.13765
2352.72949	0.13996
2350.80103	0.14130
2348.87256	0.14103
2346.94409	0.13892
2345.01563	0.13537
2343.08716	0.13114
2341.15869	0.12702
2339.23022	0.12352
2337.30176	0.12080
2335.37329	0.11869
2333.44482	0.11682
2331.51636	0.11489
2329.58789	0.11296
2327.65942	0.11133
2325.73096	0.11019
2323.80249	0.10957
2321.87402	0.10949
2319.94556	0.11000
2318.01709	0.11096
2316.08862	0.11202
2314.16016	0.11277
2312.23169	0.11304
2310.30322	0.11284
2308.37476	0.11219
2306.44629	0.11112
2304.51782	0.10967
2302.58936	0.10800
2300.66089	0.10624
2298.73242	0.10450
2296.80396	0.10285
2294.87549	0.10140
2292.94702	0.10024
2291.01855	0.09940
2289.09009	0.09881
2287.16162	0.09840
2285.23315	0.09816
2283.30469	0.09804
2281.37622	0.09799
2279.44775	0.09800
2277.51929	0.09806
2275.59082	0.09816
2273.66235	0.09822
2271.73389	0.09813
2269.80542	0.09781
2267.87695	0.09727
2265.94849	0.09661
2264.02002	0.09593
2262.09155	0.09536
2260.16309	0.09492
2258.23462	0.09464
2256.30615	0.09447
2254.37769	0.09434
2252.44922	0.09415
2250.52075	0.09390
2248.59229	0.09358
2246.66382	0.09320
2244.73535	0.09276
2242.80688	0.09229
2240.87842	0.09181
2238.94995	0.09129
2237.02148	0.09065
2235.09302	0.08991
2233.16455	0.08920
2231.23608	0.08868
2229.30762	0.08844
2227.37915	0.08844
2225.45068	0.08855
2223.52222	0.08860
2221.59375	0.08848
2219.66528	0.08815
2217.73682	0.08771
2215.80835	0.08728
2213.87988	0.08693
2211.95142	0.08663
2210.02295	0.08638
2208.09448	0.08618
2206.16602	0.08605
2204.23755	0.08597
2202.30908	0.08595
2200.38062	0.08597
2198.45215	0.08603
2196.52368	0.08614
2194.59521	0.08631
2192.66675	0.08654
2190.73828	0.08686
2188.80981	0.08726
2186.88135	0.08765
2184.95288	0.08793
2183.02441	0.08796
2181.09595	0.08774
2179.16748	0.08731
2177.23901	0.08677
2175.31055	0.08624
2173.38208	0.08583
2171.45361	0.08556
2169.52515	0.08536
2167.59668	0.08515
2165.66821	0.08497
2163.73975	0.08486
2161.81128	0.08481
2159.88281	0.08481
2157.95435	0.08487
2156.02588	0.08504
2154.09741	0.08534
2152.16895	0.08579
2150.24048	0.08643
2148.31201	0.08726
2146.38354	0.08832
2144.45508	0.08956
2142.52661	0.09089
2140.59814	0.09215
2138.66968	0.09315
2136.74121	0.09367
2134.81274	0.09352
2132.88428	0.09273
2130.95581	0.09143
2129.02734	0.08988
2127.09888	0.08830
2125.17041	0.08683
2123.24194	0.08550
2121.31348	0.08437
2119.38501	0.08347
2117.45654	0.08276
2115.52808	0.08221
2113.59961	0.08173
2111.67114	0.08132
2109.74268	0.08095
2107.81421	0.08059
2105.88574	0.08025
2103.95728	0.07996
2102.02881	0.07974
2100.10034	0.07959
2098.17188	0.07947
2096.24341	0.07939
2094.31494	0.07933
2092.38647	0.07931
2090.45801	0.07928
2088.52954	0.07924
2086.60107	0.07924
2084.67261	0.07936
2082.74414	0.07961
2080.81567	0.07990
2078.88721	0.08014
2076.95874	0.08029
2075.03027	0.08031
2073.10181	0.08016
2071.17334	0.07987
2069.24487	0.07957
2067.31641	0.07937
2065.38794	0.07931
2063.45947	0.07937
2061.53101	0.07956
2059.60254	0.07985
2057.67407	0.08019
2055.74561	0.08049
2053.81714	0.08069
2051.88867	0.08072
2049.96021	0.08056
2048.03174	0.08023
2046.10327	0.07978
2044.17480	0.07931
2042.24634	0.07893
2040.31787	0.07867
2038.38940	0.07854
2036.46094	0.07848
2034.53247	0.07840
2032.60400	0.07820
2030.67554	0.07789
2028.74707	0.07760
2026.81860	0.07740
2024.89014	0.07728
2022.96167	0.07720
2021.03320	0.07710
2019.10474	0.07698
2017.17627	0.07690
2015.24780	0.07687
2013.31934	0.07688
2011.39087	0.07685
2009.46240	0.07676
2007.53394	0.07665
2005.60547	0.07654
2003.67700	0.07640
2001.74854	0.07627
1999.82007	0.07616
1997.89160	0.07606
1995.96313	0.07598
1994.03467	0.07591
1992.10620	0.07585
1990.17773	0.07584
1988.24927	0.07591
1986.32080	0.07598
1984.39233	0.07604
1982.46387	0.07608
1980.53540	0.07612
1978.60693	0.07612
1976.67847	0.07610
1974.75000	0.07614
1972.82153	0.07630
1970.89307	0.07659
1968.96460	0.07698
1967.03613	0.07750
1965.10767	0.07817
1963.17920	0.07894
1961.25073	0.07965
1959.32227	0.08014
1957.39380	0.08027
1955.46533	0.08000
1953.53687	0.07956
1951.60840	0.07928
1949.67993	0.07949
1947.75146	0.08045
1945.82300	0.08215
1943.89453	0.08428
1941.96606	0.08634
1940.03760	0.08775
1938.10913	0.08810
1936.18066	0.08745
1934.25220	0.08621
1932.32373	0.08496
1930.39526	0.08410
1928.46680	0.08377
1926.53833	0.08378
1924.60986	0.08379
1922.68140	0.08353
1920.75293	0.08293
1918.82446	0.08212
1916.89600	0.08133
1914.96753	0.08071
1913.03906	0.08029
1911.11060	0.08009
1909.18213	0.08009
1907.25366	0.08023
1905.32520	0.08040
1903.39673	0.08047
1901.46826	0.08036
1899.53979	0.08002
1897.61133	0.07948
1895.68286	0.07882
1893.75439	0.07816
1891.82593	0.07758
1889.89746	0.07712
1887.96899	0.07682
1886.04053	0.07666
1884.11206	0.07659
1882.18359	0.07656
1880.25513	0.07658
1878.32666	0.07666
1876.39819	0.07682
1874.46973	0.07704
1872.54126	0.07729
1870.61279	0.07755
1868.68433	0.07786
1866.75586	0.07819
1864.82739	0.07848
1862.89893	0.07864
1860.97046	0.07864
1859.04199	0.07849
1857.11353	0.07823
1855.18506	0.07793
1853.25659	0.07764
1851.32813	0.07739
1849.39966	0.07717
1847.47119	0.07696
1845.54272	0.07681
1843.61426	0.07681
1841.68579	0.07700
1839.75732	0.07734
1837.82886	0.07778
1835.90039	0.07836
1833.97192	0.07912
1832.04346	0.08005
1830.11499	0.08119
1828.18652	0.08251
1826.25806	0.08381
1824.32959	0.08478
1822.40112	0.08513
1820.47266	0.08475
1818.54419	0.08390
1816.61572	0.08302
1814.68726	0.08238
1812.75879	0.08199
1810.83032	0.08173
1808.90186	0.08147
1806.97339	0.08113
1805.04492	0.08074
1803.11646	0.08038
1801.18799	0.08018
1799.25952	0.08014
1797.33105	0.08006
1795.40259	0.07971
1793.47412	0.07901
1791.54565	0.07809
1789.61719	0.07710
1787.68872	0.07616
1785.76025	0.07530
1783.83179	0.07461
1781.90332	0.07413
1779.97485	0.07385
1778.04639	0.07368
1776.11792	0.07356
1774.18945	0.07347
1772.26099	0.07345
1770.33252	0.07352
1768.40405	0.07367
1766.47559	0.07388
1764.54712	0.07413
1762.61865	0.07437
1760.69019	0.07463
1758.76172	0.07494
1756.83325	0.07527
1754.90479	0.07553
1752.97632	0.07562
1751.04785	0.07560
1749.11938	0.07567
1747.19092	0.07599
1745.26245	0.07656
1743.33398	0.07740
1741.40552	0.07849
1739.47705	0.07983
1737.54858	0.08133
1735.62012	0.08291
1733.69165	0.08457
1731.76318	0.08634
1729.83472	0.08817
1727.90625	0.09001
1725.97778	0.09180
1724.04932	0.09367
1722.12085	0.09595
1720.19238	0.09897
1718.26392	0.10311
1716.33545	0.10870
1714.40698	0.11575
1712.47852	0.12416
1710.55005	0.13418
1708.62158	0.14662
1706.69312	0.16273
1704.76465	0.18439
1702.83618	0.21482
1700.90771	0.26009
1698.97925	0.32883
1697.05078	0.43196
1695.12231	0.58515
1693.19385	0.80345
1691.26538	1.07538
1689.33691	1.27082
1687.40845	1.18941
1685.47998	0.96736
1683.55151	0.75866
1681.62305	0.59191
1679.69458	0.46448
1677.76611	0.36931
1675.83765	0.29880
1673.90918	0.24643
1671.98071	0.20728
1670.05225	0.17739
1668.12378	0.15435
1666.19531	0.13702
1664.26685	0.12436
1662.33838	0.11541
1660.40991	0.10908
1658.48145	0.10454
1656.55298	0.10225
1654.62451	0.10310
1652.69604	0.10513
1650.76758	0.10412
1648.83911	0.09926
1646.91064	0.09344
1644.98218	0.08865
1643.05371	0.08498
1641.12524	0.08225
1639.19678	0.08046
1637.26831	0.07967
1635.33984	0.07994
1633.41138	0.08127
1631.48291	0.08347
1629.55444	0.08643
1627.62598	0.09044
1625.69751	0.09621
1623.76904	0.10468
1621.84058	0.11613
1619.91211	0.12974
1617.98364	0.14610
1616.05518	0.17066
1614.12671	0.21325
1612.19824	0.28321
1610.26978	0.37975
1608.34131	0.47713
1606.41284	0.52288
1604.48438	0.48503
1602.55591	0.39561
1600.62744	0.30476
1598.69897	0.23588
1596.77051	0.18935
1594.84204	0.15872
1592.91357	0.14000
1590.98511	0.13170
1589.05664	0.13171
1587.12817	0.13702
1585.19971	0.14520
1583.27124	0.15457
1581.34277	0.16329
1579.41431	0.16975
1577.48584	0.17351
1575.55737	0.17448
1573.62891	0.17163
1571.70044	0.16417
1569.77197	0.15353
1567.84351	0.14304
1565.91504	0.13515
1563.98657	0.13013
1562.05811	0.12692
1560.12964	0.12439
1558.20117	0.12197
1556.27271	0.11953
1554.34424	0.11694
1552.41577	0.11399
1550.48730	0.11070
1548.55884	0.10717
1546.63037	0.10348
1544.70190	0.09977
1542.77344	0.09631
1540.84497	0.09340
1538.91650	0.09118
1536.98804	0.08959
1535.05957	0.08840
1533.13110	0.08746
1531.20264	0.08675
1529.27417	0.08614
1527.34570	0.08552
1525.41724	0.08490
1523.48877	0.08436
1521.56030	0.08401
1519.63184	0.08413
1517.70337	0.08495
1515.77490	0.08632
1513.84644	0.08751
1511.91797	0.08776
1509.98950	0.08711
1508.06104	0.08625
1506.13257	0.08569
1504.20410	0.08540
1502.27563	0.08515
1500.34717	0.08490
1498.41870	0.08484
1496.49023	0.08523
1494.56177	0.08636
1492.63330	0.08851
1490.70483	0.09174
1488.77637	0.09585
1486.84790	0.10049
1484.91943	0.10535
1482.99097	0.11082
1481.06250	0.11860
1479.13403	0.13094
1477.20557	0.14815
1475.27710	0.16756
1473.34863	0.18899
1471.42017	0.21721
1469.49170	0.24751
1467.56323	0.26160
1465.63477	0.25636
1463.70630	0.25137
1461.77783	0.25768
1459.84937	0.26884
1457.92090	0.27876
1455.99243	0.29075
1454.06396	0.30772
1452.13550	0.32148
1450.20703	0.31732
1448.27856	0.29520
1446.35010	0.27484
1444.42163	0.27024
1442.49316	0.27641
1440.56470	0.28144
1438.63623	0.28201
1436.70776	0.28477
1434.77930	0.29665
1432.85083	0.31807
1430.92236	0.34182
1428.99390	0.35371
1427.06543	0.34101
1425.13696	0.30624
1423.20850	0.26511
1421.28003	0.23080
1419.35156	0.20703
1417.42310	0.19228
1415.49463	0.18451
1413.56616	0.18270
1411.63770	0.18591
1409.70923	0.19128
1407.78076	0.19377
1405.85229	0.18952
1403.92383	0.17970
1401.99536	0.16954
1400.06689	0.16407
1398.13843	0.16614
1396.20996	0.17620
1394.28149	0.19005
1392.35303	0.19746
1390.42456	0.19056
1388.49609	0.17559
1386.56763	0.16834
1384.63916	0.17802
1382.71069	0.19726
1380.78223	0.20834
1378.85376	0.20477
1376.92529	0.19627
1374.99683	0.19051
1373.06836	0.18521
1371.13989	0.17502
1369.21143	0.15879
1367.28296	0.14101
1365.35449	0.12670
1363.42603	0.11725
1361.49756	0.11183
1359.56909	0.10970
1357.64063	0.11087
1355.71216	0.11620
1353.78369	0.12791
1351.85522	0.14994
1349.92676	0.18575
1347.99829	0.23092
1346.06982	0.26602
1344.14136	0.26931
1342.21289	0.24435
1340.28442	0.21441
1338.35596	0.19577
1336.42749	0.19278
1334.49902	0.20513
1332.57056	0.23067
1330.64209	0.26200
1328.71362	0.28430
1326.78516	0.28393
1324.85669	0.26245
1322.92822	0.23508
1320.99976	0.21601
1319.07129	0.20754
1317.14282	0.20000
1315.21436	0.18719
1313.28589	0.17791
1311.35742	0.18081
1309.42896	0.18954
1307.50049	0.19224
1305.57202	0.18923
1303.64355	0.19288
1301.71509	0.21609
1299.78662	0.26731
1297.85815	0.34400
1295.92969	0.41661
1294.00122	0.43596
1292.07275	0.39269
1290.14429	0.32572
1288.21582	0.26581
1286.28735	0.22171
1284.35889	0.19225
1282.43042	0.17392
1280.50195	0.16338
1278.57349	0.15788
1276.64502	0.15456
1274.71655	0.15035
1272.78809	0.14337
1270.85962	0.13455
1268.93115	0.12679
1267.00269	0.12263
1265.07422	0.12328
1263.14575	0.12903
1261.21729	0.13875
1259.28882	0.14909
1257.36035	0.15570
1255.43188	0.15672
1253.50342	0.15407
1251.57495	0.15122
1249.64648	0.15093
1247.71802	0.15531
1245.78955	0.16636
1243.86108	0.18588
1241.93262	0.21551
1240.00415	0.25779
1238.07568	0.31358
1236.14722	0.37185
1234.21875	0.40651
1232.29028	0.40320
1230.36182	0.37630
1228.43335	0.33972
1226.50488	0.29494
1224.57642	0.24679
1222.64795	0.20484
1220.71948	0.17497
1218.79102	0.15958
1216.86255	0.16109
1214.93408	0.17787
1213.00562	0.19623
1211.07715	0.19768
1209.14868	0.18093
1207.22021	0.16034
1205.29175	0.14551
1203.36328	0.13629
1201.43481	0.12936
1199.50635	0.12370
1197.57788	0.12324
1195.64941	0.13616
1193.72095	0.16876
1191.79248	0.21235
1189.86401	0.23823
1187.93555	0.22740
1186.00708	0.19734
1184.07861	0.17204
1182.15015	0.15724
1180.22168	0.14956
1178.29321	0.14763
1176.36475	0.15252
1174.43628	0.16236
1172.50781	0.16902
1170.57935	0.16370
1168.65088	0.14689
1166.72241	0.12703
1164.79395	0.11095
1162.86548	0.10018
1160.93701	0.09359
1159.00854	0.08973
1157.08008	0.08744
1155.15161	0.08591
1153.22314	0.08489
1151.29468	0.08460
1149.36621	0.08544
1147.43774	0.08792
1145.50928	0.09260
1143.58081	0.10048
1141.65234	0.11376
1139.72388	0.13607
1137.79541	0.16872
1135.86694	0.20319
1133.93848	0.22247
1132.01001	0.22157
1130.08154	0.21885
1128.15308	0.23502
1126.22461	0.26784
1124.29614	0.28553
1122.36768	0.26212
1120.43921	0.21688
1118.51074	0.17924
1116.58228	0.15452
1114.65381	0.13635
1112.72534	0.12183
1110.79688	0.11085
1108.86841	0.10274
1106.93994	0.09654
1105.01147	0.09177
1103.08301	0.08823
1101.15454	0.08585
1099.22607	0.08465
1097.29761	0.08481
1095.36914	0.08676
1093.44067	0.09171
1091.51221	0.10229
1089.58374	0.12135
1087.65527	0.14593
1085.72681	0.16204
1083.79834	0.15608
1081.86987	0.13373
1079.94141	0.11118
1078.01294	0.09602
1076.08447	0.08732
1074.15601	0.08274
1072.22754	0.08069
1070.29907	0.08028
1068.37061	0.08125
1066.44214	0.08385
1064.51367	0.08877
1062.58521	0.09700
1060.65674	0.10888
1058.72827	0.12178
1056.79980	0.12965
1054.87134	0.12865
1052.94287	0.12199
1051.01440	0.11559
1049.08594	0.11247
1047.15747	0.11310
1045.22900	0.11744
1043.30054	0.12528
1041.37207	0.13691
1039.44360	0.15301
1037.51514	0.17254
1035.58667	0.19046
1033.65820	0.19891
1031.72974	0.19383
1029.80127	0.17859
1027.87280	0.15916
1025.94434	0.13983
1024.01587	0.12374
1022.08740	0.11283
1020.15894	0.10723
1018.23047	0.10611
1016.30200	0.10877
1014.37354	0.11573
1012.44507	0.13011
1010.51660	0.15611
1008.58813	0.18993
1006.65967	0.21241
1004.73120	0.20604
1002.80273	0.17842
1000.87427	0.14868
998.94580	0.12644
997.01733	0.11224
995.08887	0.10382
993.16040	0.09877
991.23193	0.09529
989.30347	0.09250
987.37500	0.09063
985.44653	0.09061
983.51807	0.09306
981.58960	0.09665
979.66113	0.09818
977.73267	0.09583
975.80420	0.09141
973.87573	0.08781
971.94727	0.08662
970.01880	0.08867
968.09033	0.09496
966.16187	0.10572
964.23340	0.11916
962.30493	0.13207
960.37646	0.14185
958.44800	0.14589
956.51953	0.14079
954.59106	0.12678
952.66260	0.10951
950.73413	0.09469
948.80566	0.08416
946.87720	0.07729
944.94873	0.07304
943.02026	0.07067
941.09180	0.06970
939.16333	0.06987
937.23486	0.07094
935.30640	0.07280
933.37793	0.07570
931.44946	0.08040
929.52100	0.08783
927.59253	0.09785
925.66406	0.10792
923.73560	0.11329
921.80713	0.11021
919.87866	0.10017
917.95020	0.08876
916.02173	0.08039
914.09326	0.07639
912.16479	0.07694
910.23633	0.08267
908.30786	0.09361
906.37939	0.10580
904.45093	0.11113
902.52246	0.10553
900.59399	0.09419
898.66553	0.08399
896.73706	0.07705
894.80859	0.07268
892.88013	0.07028
890.95166	0.06954
889.02319	0.07021
887.09473	0.07232
885.16626	0.07656
883.23779	0.08462
881.30933	0.09831
879.38086	0.11482
877.45239	0.12337
875.52393	0.11545
873.59546	0.09727
871.66699	0.08077
869.73853	0.07055
867.81006	0.06509
865.88159	0.06227
863.95313	0.06093
862.02466	0.06061
860.09619	0.06125
858.16772	0.06299
856.23926	0.06615
854.31079	0.07137
852.38232	0.07941
850.45386	0.08986
848.52539	0.09913
846.59692	0.10255
844.66846	0.10082
842.73999	0.10171
840.81152	0.11528
838.88306	0.14869
836.95459	0.19730
835.02612	0.23725
833.09766	0.24177
831.16919	0.21038
829.24072	0.16486
827.31226	0.12578
825.38379	0.10119
823.45532	0.08851
821.52686	0.08210
819.59839	0.07813
817.66992	0.07522
815.74146	0.07337
813.81299	0.07253
811.88452	0.07226
809.95605	0.07254
808.02759	0.07460
806.09912	0.07991
804.17065	0.08839
802.24219	0.09882
800.31372	0.11146
798.38525	0.12622
796.45679	0.13736
794.52832	0.13632
792.59985	0.12235
790.67139	0.10424
788.74292	0.09059
786.81445	0.08386
784.88599	0.08253
782.95752	0.08496
781.02905	0.09128
779.10059	0.10410
777.17212	0.12919
775.24365	0.17439
773.31519	0.24254
771.38672	0.31585
769.45825	0.34971
767.52979	0.31782
765.60132	0.25163
763.67285	0.19072
761.74438	0.14813
759.81592	0.12160
757.88745	0.10579
755.95898	0.09610
754.03052	0.08948
752.10205	0.08473
750.17358	0.08236
748.24512	0.08370
746.31665	0.08885
744.38818	0.09571
742.45972	0.10314
740.53125	0.11480
738.60278	0.13633
736.67432	0.16527
734.74585	0.18490
732.81738	0.17965
730.88892	0.15571
728.96045	0.12905
727.03198	0.10711
725.10352	0.09077
723.17505	0.07953
721.24658	0.07216
719.31812	0.06727
717.38965	0.06376
715.46118	0.06065
713.53271	0.05749
711.60425	0.05465
709.67578	0.05261
707.74731	0.05137
705.81885	0.05075
703.89038	0.05066
701.96191	0.05119
700.03345	0.05279
698.10498	0.05702
696.17651	0.06686
694.24805	0.08354
692.31958	0.09936
690.39111	0.10152
688.46265	0.08950
686.53418	0.07490
684.60571	0.06481
682.67725	0.05891
680.74878	0.05546
678.82031	0.05352
676.89185	0.05259
674.96338	0.05179
673.03491	0.05023
671.10645	0.04812
669.17798	0.04633
667.24951	0.04524
665.32104	0.04469
663.39258	0.04430
661.46411	0.04400
659.53564	0.04396
657.60718	0.04405
655.67871	0.04388
653.75024	0.04340
651.82178	0.04287
649.89331	0.04255
647.96484	0.04249
646.03638	0.04247
644.10791	0.04244
642.17944	0.04294
640.25098	0.04436
638.32251	0.04549
636.39404	0.04489
634.46558	0.04336
632.53711	0.04238
630.60864	0.04182
628.68018	0.04106
626.75171	0.04029
624.82324	0.04004
622.89478	0.04042
620.96631	0.04114
619.03784	0.04199
617.10938	0.04301
615.18091	0.04416
613.25244	0.04511
611.32397	0.04562
609.39551	0.04630
607.46704	0.04875
605.53857	0.05477
603.61011	0.06379
601.68164	0.07038
599.75317	0.06911
597.82471	0.06165
595.89624	0.05349
593.96777	0.04737
592.03931	0.04339
590.11084	0.04104
588.18237	0.03971
586.25391	0.03885
584.32544	0.03803
582.39697	0.03728
580.46851	0.03694
578.54004	0.03692
576.61157	0.03696
574.68311	0.03723
572.75464	0.03804
570.82617	0.03948
568.89771	0.04165
566.96924	0.04481
565.04077	0.04988
563.11230	0.05825
561.18384	0.07003
559.25537	0.08219
557.32690	0.08956
555.39844	0.08902
553.46997	0.08213
551.54150	0.07300
549.61304	0.06464
547.68457	0.05804
545.75610	0.05292
543.82764	0.04866
541.89917	0.04501
539.97070	0.04223
538.04224	0.04051
536.11377	0.03971
534.18530	0.03928
532.25684	0.03883
530.32837	0.03859
528.39990	0.03885
526.47144	0.03938
524.54297	0.03978
522.61450	0.04005
520.68604	0.04061
518.75757	0.04156
516.82910	0.04243
514.90063	0.04289
512.97217	0.04314
511.04370	0.04329
509.11523	0.04346
507.18677	0.04407
505.25830	0.04585
503.32983	0.05000
501.40137	0.05799
499.47290	0.07093
497.54443	0.08798
495.61597	0.10348
493.68750	0.10852
491.75903	0.10044
489.83057	0.08591
487.90210	0.07239
485.97363	0.06305
484.04517	0.05817
482.11670	0.05675
480.18823	0.05802
478.25977	0.06238
476.33130	0.07117
474.40283	0.08612
472.47437	0.10583
470.54590	0.12041
468.61743	0.11755
466.68896	0.09875
464.76050	0.07717
462.83203	0.06164
460.90356	0.05288
458.97510	0.04848
457.04663	0.04613
455.11816	0.04413
453.18970	0.04199
451.26123	0.04037
449.33276	0.03956
447.40430	0.03907
445.47583	0.03840
443.54736	0.03774
441.61890	0.03761
439.69043	0.03798
437.76196	0.03822
435.83350	0.03819
433.90503	0.03823
431.97656	0.03830
430.04810	0.03806
428.11963	0.03745
426.19116	0.03684
424.26270	0.03723
422.33423	0.03894
420.40576	0.04084
418.47729	0.04231
416.54883	0.04337
414.62036	0.04326
412.69189	0.04211
410.76343	0.04101
408.83496	0.04041
406.90649	0.04060
404.97803	0.04088
403.04956	0.03947
401.12109	0.03716
399.19263	0.03691
