3999.64014	0.48223
3997.71167	0.48204
3995.78320	0.48157
3993.85474	0.48074
3991.92627	0.47996
3989.99780	0.47961
3988.06934	0.47945
3986.14087	0.47914
3984.21240	0.47870
3982.28394	0.47830
3980.35547	0.47795
3978.42700	0.47757
3976.49854	0.47713
3974.57007	0.47671
3972.64160	0.47635
3970.71313	0.47590
3968.78467	0.47541
3966.85620	0.47501
3964.92773	0.47468
3962.99927	0.47434
3961.07080	0.47405
3959.14233	0.47383
3957.21387	0.47364
3955.28540	0.47328
3953.35693	0.47267
3951.42847	0.47185
3949.50000	0.47101
3947.57153	0.47051
3945.64307	0.47013
3943.71460	0.46947
3941.78613	0.46889
3939.85767	0.46868
3937.92920	0.46861
3936.00073	0.46829
3934.07227	0.46758
3932.14380	0.46689
3930.21533	0.46667
3928.28687	0.46661
3926.35840	0.46629
3924.42993	0.46575
3922.50146	0.46523
3920.57300	0.46475
3918.64453	0.46429
3916.71606	0.46397
3914.78760	0.46385
3912.85913	0.46384
3910.93066	0.46371
3909.00220	0.46326
3907.07373	0.46245
3905.14526	0.46163
3903.21680	0.46123
3901.28833	0.46121
3899.35986	0.46120
3897.43140	0.46109
3895.50293	0.46089
3893.57446	0.46047
3891.64600	0.45989
3889.71753	0.45937
3887.78906	0.45889
3885.86060	0.45838
3883.93213	0.45791
3882.00366	0.45730
3880.07520	0.45657
3878.14673	0.45615
3876.21826	0.45586
3874.28979	0.45523
3872.36133	0.45445
3870.43286	0.45402
3868.50439	0.45399
3866.57593	0.45396
3864.64746	0.45369
3862.71899	0.45348
3860.79053	0.45346
3858.86206	0.45326
3856.93359	0.45259
3855.00513	0.45164
3853.07666	0.45108
3851.14819	0.45113
3849.21973	0.45131
3847.29126	0.45117
3845.36279	0.45062
3843.43433	0.44991
3841.50586	0.44934
3839.57739	0.44892
3837.64893	0.44853
3835.72046	0.44804
3833.79199	0.44750
3831.86353	0.44712
3829.93506	0.44682
3828.00659	0.44640
3826.07813	0.44600
3824.14966	0.44570
3822.22119	0.44519
3820.29272	0.44460
3818.36426	0.44429
3816.43579	0.44414
3814.50732	0.44403
3812.57886	0.44400
3810.65039	0.44387
3808.72192	0.44340
3806.79346	0.44271
3804.86499	0.44209
3802.93652	0.44151
3801.00806	0.44100
3799.07959	0.44075
3797.15112	0.44069
3795.22266	0.44063
3793.29419	0.44045
3791.36572	0.44009
3789.43726	0.43955
3787.50879	0.43893
3785.58032	0.43836
3783.65186	0.43802
3781.72339	0.43773
3779.79492	0.43730
3777.86646	0.43698
3775.93799	0.43688
3774.00952	0.43666
3772.08105	0.43615
3770.15259	0.43558
3768.22412	0.43522
3766.29565	0.43502
3764.36719	0.43476
3762.43872	0.43435
3760.51025	0.43375
3758.58179	0.43319
3756.65332	0.43276
3754.72485	0.43227
3752.79639	0.43159
3750.86792	0.43090
3748.93945	0.43040
3747.01099	0.42993
3745.08252	0.42938
3743.15405	0.42901
3741.22559	0.42889
3739.29712	0.42862
3737.36865	0.42796
3735.44019	0.42717
3733.51172	0.42674
3731.58325	0.42680
3729.65479	0.42695
3727.72632	0.42673
3725.79785	0.42613
3723.86938	0.42561
3721.94092	0.42539
3720.01245	0.42523
3718.08398	0.42498
3716.15552	0.42461
3714.22705	0.42405
3712.29858	0.42339
3710.37012	0.42300
3708.44165	0.42301
3706.51318	0.42315
3704.58472	0.42301
3702.65625	0.42255
3700.72778	0.42219
3698.79932	0.42212
3696.87085	0.42210
3694.94238	0.42194
3693.01392	0.42148
3691.08545	0.42095
3689.15698	0.42079
3687.22852	0.42091
3685.30005	0.42091
3683.37158	0.42078
3681.44312	0.42062
3679.51465	0.42042
3677.58618	0.42022
3675.65771	0.42015
3673.72925	0.42029
3671.80078	0.42027
3669.87231	0.41986
3667.94385	0.41941
3666.01538	0.41901
3664.08691	0.41845
3662.15845	0.41768
3660.22998	0.41689
3658.30151	0.41617
3656.37305	0.41554
3654.44458	0.41501
3652.51611	0.41442
3650.58765	0.41366
3648.65918	0.41301
3646.73071	0.41279
3644.80225	0.41288
3642.87378	0.41296
3640.94531	0.41291
3639.01685	0.41282
3637.08838	0.41269
3635.15991	0.41238
3633.23145	0.41194
3631.30298	0.41143
3629.37451	0.41098
3627.44604	0.41096
3625.51758	0.41122
3623.58911	0.41114
3621.66064	0.41062
3619.73218	0.41011
3617.80371	0.40995
3615.87524	0.40996
3613.94678	0.40993
3612.01831	0.40988
3610.08984	0.40972
3608.16138	0.40947
3606.23291	0.40947
3604.30444	0.40955
3602.37598	0.40934
3600.44751	0.40895
3598.51904	0.40871
3596.59058	0.40863
3594.66211	0.40864
3592.73364	0.40870
3590.80518	0.40854
3588.87671	0.40796
3586.94824	0.40745
3585.01978	0.40749
3583.09131	0.40772
3581.16284	0.40775
3579.23438	0.40771
3577.30591	0.40776
3575.37744	0.40785
3573.44897	0.40790
3571.52051	0.40783
3569.59204	0.40743
3567.66357	0.40685
3565.73511	0.40670
3563.80664	0.40709
3561.87817	0.40743
3559.94971	0.40752
3558.02124	0.40752
3556.09277	0.40739
3554.16431	0.40705
3552.23584	0.40669
3550.30737	0.40648
3548.37891	0.40629
3546.45044	0.40597
3544.52197	0.40575
3542.59351	0.40578
3540.66504	0.40583
3538.73657	0.40567
3536.80811	0.40538
3534.87964	0.40526
3532.95117	0.40527
3531.02271	0.40506
3529.09424	0.40467
3527.16577	0.40434
3525.23730	0.40411
3523.30884	0.40400
3521.38037	0.40401
3519.45190	0.40404
3517.52344	0.40402
3515.59497	0.40391
3513.66650	0.40365
3511.73804	0.40331
3509.80957	0.40305
3507.88110	0.40299
3505.95264	0.40290
3504.02417	0.40260
3502.09570	0.40228
3500.16724	0.40204
3498.23877	0.40182
3496.31030	0.40176
3494.38184	0.40184
3492.45337	0.40185
3490.52490	0.40169
3488.59644	0.40143
3486.66797	0.40116
3484.73950	0.40092
3482.81104	0.40066
3480.88257	0.40036
3478.95410	0.40013
3477.02563	0.39999
3475.09717	0.39986
3473.16870	0.39966
3471.24023	0.39943
3469.31177	0.39924
3467.38330	0.39916
3465.45483	0.39906
3463.52637	0.39878
3461.59790	0.39847
3459.66943	0.39830
3457.74097	0.39816
3455.81250	0.39798
3453.88403	0.39777
3451.95557	0.39753
3450.02710	0.39733
3448.09863	0.39715
3446.17017	0.39689
3444.24170	0.39659
3442.31323	0.39634
3440.38477	0.39617
3438.45630	0.39597
3436.52783	0.39565
3434.59937	0.39527
3432.67090	0.39487
3430.74243	0.39451
3428.81396	0.39419
3426.88550	0.39386
3424.95703	0.39349
3423.02856	0.39308
3421.10010	0.39262
3419.17163	0.39221
3417.24316	0.39187
3415.31470	0.39149
3413.38623	0.39105
3411.45776	0.39059
3409.52930	0.39010
3407.60083	0.38952
3405.67236	0.38894
3403.74390	0.38848
3401.81543	0.38799
3399.88696	0.38730
3397.95850	0.38647
3396.03003	0.38566
3394.10156	0.38483
3392.17310	0.38405
3390.24463	0.38338
3388.31616	0.38276
3386.38770	0.38224
3384.45923	0.38180
3382.53076	0.38143
3380.60229	0.38118
3378.67383	0.38107
3376.74536	0.38100
3374.81689	0.38101
3372.88843	0.38129
3370.95996	0.38194
3369.03149	0.38290
3367.10303	0.38420
3365.17456	0.38601
3363.24609	0.38832
3361.31763	0.39104
3359.38916	0.39400
3357.46069	0.39676
3355.53223	0.39840
3353.60376	0.39799
3351.67529	0.39556
3349.74683	0.39198
3347.81836	0.38817
3345.88989	0.38473
3343.96143	0.38192
3342.03296	0.37970
3340.10449	0.37788
3338.17603	0.37637
3336.24756	0.37516
3334.31909	0.37430
3332.39063	0.37374
3330.46216	0.37334
3328.53369	0.37304
3326.60522	0.37291
3324.67676	0.37289
3322.74829	0.37274
3320.81982	0.37231
3318.89136	0.37167
3316.96289	0.37097
3315.03442	0.37026
3313.10596	0.36957
3311.17749	0.36903
3309.24902	0.36867
3307.32056	0.36839
3305.39209	0.36809
3303.46362	0.36784
3301.53516	0.36762
3299.60669	0.36735
3297.67822	0.36705
3295.74976	0.36683
3293.82129	0.36667
3291.89282	0.36653
3289.96436	0.36642
3288.03589	0.36630
3286.10742	0.36612
3284.17896	0.36588
3282.25049	0.36565
3280.32202	0.36548
3278.39355	0.36533
3276.46509	0.36509
3274.53662	0.36486
3272.60815	0.36475
3270.67969	0.36472
3268.75122	0.36464
3266.82275	0.36454
3264.89429	0.36449
3262.96582	0.36450
3261.03735	0.36450
3259.10889	0.36442
3257.18042	0.36431
3255.25195	0.36418
3253.32349	0.36401
3251.39502	0.36388
3249.46655	0.36383
3247.53809	0.36387
3245.60962	0.36393
3243.68115	0.36396
3241.75269	0.36398
3239.82422	0.36405
3237.89575	0.36415
3235.96729	0.36426
3234.03882	0.36439
3232.11035	0.36451
3230.18188	0.36454
3228.25342	0.36451
3226.32495	0.36443
3224.39648	0.36435
3222.46802	0.36430
3220.53955	0.36435
3218.61108	0.36463
3216.68262	0.36522
3214.75415	0.36602
3212.82568	0.36699
3210.89722	0.36807
3208.96875	0.36905
3207.04028	0.36977
3205.11182	0.37024
3203.18335	0.37065
3201.25488	0.37107
3199.32642	0.37157
3197.39795	0.37221
3195.46948	0.37303
3193.54102	0.37399
3191.61255	0.37504
3189.68408	0.37610
3187.75562	0.37717
3185.82715	0.37832
3183.89868	0.37956
3181.97021	0.38092
3180.04175	0.38241
3178.11328	0.38395
3176.18481	0.38551
3174.25635	0.38715
3172.32788	0.38889
3170.39941	0.39074
3168.47095	0.39274
3166.54248	0.39495
3164.61401	0.39744
3162.68555	0.40023
3160.75708	0.40329
3158.82861	0.40657
3156.90015	0.41011
3154.97168	0.41396
3153.04321	0.41810
3151.11475	0.42251
3149.18628	0.42709
3147.25781	0.43175
3145.32935	0.43624
3143.40088	0.44012
3141.47241	0.44299
3139.54395	0.44461
3137.61548	0.44504
3135.68701	0.44462
3133.75854	0.44377
3131.83008	0.44274
3129.90161	0.44180
3127.97314	0.44120
3126.04468	0.44112
3124.11621	0.44146
3122.18774	0.44203
3120.25928	0.44275
3118.33081	0.44368
3116.40234	0.44498
3114.47388	0.44680
3112.54541	0.44912
3110.61694	0.45183
3108.68848	0.45497
3106.76001	0.45859
3104.83154	0.46266
3102.90308	0.46716
3100.97461	0.47209
3099.04614	0.47737
3097.11768	0.48301
3095.18921	0.48899
3093.26074	0.49511
3091.33228	0.50123
3089.40381	0.50742
3087.47534	0.51377
3085.54688	0.52037
3083.61841	0.52732
3081.68994	0.53476
3079.76147	0.54270
3077.83301	0.55121
3075.90454	0.56045
3073.97607	0.57075
3072.04761	0.58260
3070.11914	0.59676
3068.19067	0.61399
3066.26221	0.63382
3064.33374	0.65286
3062.40527	0.66566
3060.47681	0.66960
3058.54834	0.66770
3056.61987	0.66518
3054.69141	0.66503
3052.76294	0.66753
3050.83447	0.67196
3048.90601	0.67768
3046.97754	0.68419
3045.04907	0.69137
3043.12061	0.69958
3041.19214	0.70915
3039.26367	0.71988
3037.33521	0.73065
3035.40674	0.73989
3033.47827	0.74710
3031.54980	0.75359
3029.62134	0.76069
3027.69287	0.76821
3025.76440	0.77519
3023.83594	0.78105
3021.90747	0.78552
3019.97900	0.78915
3018.05054	0.79425
3016.12207	0.80354
3014.19360	0.81740
3012.26514	0.83394
3010.33667	0.85096
3008.40820	0.86701
3006.47974	0.88177
3004.55127	0.89604
3002.62280	0.91083
3000.69434	0.92664
2998.76587	0.94330
2996.83740	0.96038
2994.90894	0.97784
2992.98047	0.99595
2991.05200	1.01470
2989.12354	1.03414
2987.19507	1.05500
2985.26660	1.07839
2983.33813	1.10565
2981.40967	1.13839
2979.48120	1.17843
2977.55273	1.22541
2975.62427	1.27191
2973.69580	1.30668
2971.76733	1.32752
2969.83887	1.34160
2967.91040	1.35233
2965.98193	1.35722
2964.05347	1.35832
2962.12500	1.36743
2960.19653	1.39772
2958.26807	1.45130
2956.33960	1.51082
2954.41113	1.54071
2952.48267	1.51945
2950.55420	1.46955
2948.62573	1.42415
2946.69727	1.39669
2944.76880	1.38725
2942.84033	1.39212
2940.91187	1.40639
2938.98340	1.42473
2937.05493	1.44321
2935.12646	1.45956
2933.19800	1.47064
2931.26953	1.47295
2929.34106	1.46643
2927.41260	1.45405
2925.48413	1.43792
2923.55566	1.41779
2921.62720	1.39132
2919.69873	1.35614
2917.77026	1.31398
2915.84180	1.27023
2913.91333	1.22998
2911.98486	1.19612
2910.05640	1.16907
2908.12793	1.14698
2906.19946	1.12684
2904.27100	1.10549
2902.34253	1.08045
2900.41406	1.05075
2898.48560	1.01743
2896.55713	0.98295
2894.62866	0.94966
2892.70020	0.91882
2890.77173	0.89093
2888.84326	0.86665
2886.91479	0.84705
2884.98633	0.83364
2883.05786	0.82807
2881.12939	0.83173
2879.20093	0.84562
2877.27246	0.86923
2875.34399	0.89669
2873.41553	0.91385
2871.48706	0.90715
2869.55859	0.87892
2867.63013	0.84292
2865.70166	0.80874
2863.77319	0.77874
2861.84473	0.75225
2859.91626	0.72825
2857.98779	0.70635
2856.05933	0.68704
2854.13086	0.67117
2852.20239	0.65910
2850.27393	0.65049
2848.34546	0.64442
2846.41699	0.63928
2844.48853	0.63322
2842.56006	0.62541
2840.63159	0.61650
2838.70313	0.60777
2836.77466	0.60042
2834.84619	0.59541
2832.91772	0.59334
2830.98926	0.59459
2829.06079	0.59943
2827.13232	0.60779
2825.20386	0.61891
2823.27539	0.63122
2821.34692	0.64334
2819.41846	0.65548
2817.48999	0.66934
2815.56152	0.68674
2813.63306	0.70866
2811.70459	0.73512
2809.77612	0.76555
2807.84766	0.79955
2805.91919	0.83709
2803.99072	0.87838
2802.06226	0.92376
2800.13379	0.97366
2798.20532	1.02810
2796.27686	1.08614
2794.34839	1.14586
2792.41992	1.20421
2790.49146	1.25683
2788.56299	1.29864
2786.63452	1.32501
2784.70605	1.33325
2782.77759	1.32491
2780.84912	1.30530
2778.92065	1.27998
2776.99219	1.25231
2775.06372	1.22219
2773.13525	1.18691
2771.20679	1.14394
2769.27832	1.09301
2767.34985	1.03680
2765.42139	0.97983
2763.49292	0.92614
2761.56445	0.87830
2759.63599	0.83782
2757.70752	0.80561
2755.77905	0.78209
2753.85059	0.76707
2751.92212	0.75978
2749.99365	0.75902
2748.06519	0.76340
2746.13672	0.77195
2744.20825	0.78472
2742.27979	0.80258
2740.35132	0.82679
2738.42285	0.85860
2736.49438	0.89891
2734.56592	0.94754
2732.63745	1.00197
2730.70898	1.05681
2728.78052	1.10427
2726.85205	1.13545
2724.92358	1.14315
2722.99512	1.12548
2721.06665	1.08715
2719.13818	1.03681
2717.20972	0.98316
2715.28125	0.93252
2713.35278	0.88821
2711.42432	0.85124
2709.49585	0.82130
2707.56738	0.79717
2705.63892	0.77718
2703.71045	0.75981
2701.78198	0.74393
2699.85352	0.72879
2697.92505	0.71409
2695.99658	0.69998
2694.06812	0.68678
2692.13965	0.67475
2690.21118	0.66395
2688.28271	0.65415
2686.35425	0.64451
2684.42578	0.63363
2682.49731	0.62005
2680.56885	0.60302
2678.64038	0.58299
2676.71191	0.56165
2674.78345	0.54117
2672.85498	0.52338
2670.92651	0.50938
2668.99805	0.49954
2667.06958	0.49364
2665.14111	0.49093
2663.21265	0.49015
2661.28418	0.48985
2659.35571	0.48886
2657.42725	0.48642
2655.49878	0.48198
2653.57031	0.47512
2651.64185	0.46569
2649.71338	0.45397
2647.78491	0.44093
2645.85645	0.42797
2643.92798	0.41628
2641.99951	0.40651
2640.07104	0.39890
2638.14258	0.39334
2636.21411	0.38943
2634.28564	0.38648
2632.35718	0.38356
2630.42871	0.37992
2628.50024	0.37530
2626.57178	0.37009
2624.64331	0.36484
2622.71484	0.35984
2620.78638	0.35510
2618.85791	0.35044
2616.92944	0.34579
2615.00098	0.34125
2613.07251	0.33705
2611.14404	0.33343
2609.21558	0.33055
2607.28711	0.32840
2605.35864	0.32688
2603.43018	0.32592
2601.50171	0.32552
2599.57324	0.32555
2597.64478	0.32546
2595.71631	0.32440
2593.78784	0.32189
2591.85938	0.31832
2589.93091	0.31438
2588.00244	0.31040
2586.07397	0.30625
2584.14551	0.30175
2582.21704	0.29689
2580.28857	0.29183
2578.36011	0.28678
2576.43164	0.28193
2574.50317	0.27737
2572.57471	0.27314
2570.64624	0.26922
2568.71777	0.26564
2566.78931	0.26245
2564.86084	0.25972
2562.93237	0.25757
2561.00391	0.25604
2559.07544	0.25511
2557.14697	0.25475
2555.21851	0.25495
2553.29004	0.25566
2551.36157	0.25678
2549.43311	0.25814
2547.50464	0.25953
2545.57617	0.26061
2543.64771	0.26098
2541.71924	0.26042
2539.79077	0.25909
2537.86230	0.25746
2535.93384	0.25611
2534.00537	0.25551
2532.07690	0.25580
2530.14844	0.25693
2528.21997	0.25877
2526.29150	0.26125
2524.36304	0.26442
2522.43457	0.26844
2520.50610	0.27341
2518.57764	0.27921
2516.64917	0.28562
2514.72070	0.29246
2512.79224	0.29968
2510.86377	0.30717
2508.93530	0.31456
2507.00684	0.32085
2505.07837	0.32456
2503.14990	0.32445
2501.22144	0.32020
2499.29297	0.31266
2497.36450	0.30341
2495.43604	0.29404
2493.50757	0.28558
2491.57910	0.27840
2489.65063	0.27236
2487.72217	0.26719
2485.79370	0.26285
2483.86523	0.25947
2481.93677	0.25714
2480.00830	0.25599
2478.07983	0.25614
2476.15137	0.25750
2474.22290	0.25986
2472.29443	0.26295
2470.36597	0.26667
2468.43750	0.27114
2466.50903	0.27666
2464.58057	0.28349
2462.65210	0.29171
2460.72363	0.30131
2458.79517	0.31245
2456.86670	0.32578
2454.93823	0.34231
2453.00977	0.36262
2451.08130	0.38533
2449.15283	0.40575
2447.22437	0.41736
2445.29590	0.41652
2443.36743	0.40547
2441.43896	0.38986
2439.51050	0.37445
2437.58203	0.36135
2435.65356	0.35063
2433.72510	0.34153
2431.79663	0.33302
2429.86816	0.32411
2427.93970	0.31411
2426.01123	0.30310
2424.08276	0.29168
2422.15430	0.28058
2420.22583	0.27035
2418.29736	0.26132
2416.36890	0.25371
2414.44043	0.24766
2412.51196	0.24303
2410.58350	0.23950
2408.65503	0.23669
2406.72656	0.23436
2404.79810	0.23236
2402.86963	0.23052
2400.94116	0.22862
2399.01270	0.22647
2397.08423	0.22410
2395.15576	0.22166
2393.22729	0.21937
2391.29883	0.21748
2389.37036	0.21612
2387.44189	0.21532
2385.51343	0.21502
2383.58496	0.21513
2381.65649	0.21554
2379.72803	0.21610
2377.79956	0.21656
2375.87109	0.21665
2373.94263	0.21627
2372.01416	0.21540
2370.08569	0.21406
2368.15723	0.21224
2366.22876	0.20997
2364.30029	0.20745
2362.37183	0.20509
2360.44336	0.20335
2358.51489	0.20252
2356.58643	0.20263
2354.65796	0.20356
2352.72949	0.20503
2350.80103	0.20665
2348.87256	0.20807
2346.94409	0.20901
2345.01563	0.20916
2343.08716	0.20827
2341.15869	0.20627
2339.23022	0.20334
2337.30176	0.19976
2335.37329	0.19579
2333.44482	0.19178
2331.51636	0.18827
2329.58789	0.18559
2327.65942	0.18375
2325.73096	0.18265
2323.80249	0.18228
2321.87402	0.18260
2319.94556	0.18326
2318.01709	0.18359
2316.08862	0.18314
2314.16016	0.18202
2312.23169	0.18068
2310.30322	0.17940
2308.37476	0.17816
2306.44629	0.17681
2304.51782	0.17535
2302.58936	0.17393
2300.66089	0.17266
2298.73242	0.17150
2296.80396	0.17037
2294.87549	0.16926
2292.94702	0.16813
2291.01855	0.16697
2289.09009	0.16581
2287.16162	0.16476
2285.23315	0.16387
2283.30469	0.16314
2281.37622	0.16251
2279.44775	0.16188
2277.51929	0.16120
2275.59082	0.16043
2273.66235	0.15958
2271.73389	0.15868
2269.80542	0.15783
2267.87695	0.15709
2265.94849	0.15644
2264.02002	0.15582
2262.09155	0.15522
2260.16309	0.15467
2258.23462	0.15417
2256.30615	0.15369
2254.37769	0.15314
2252.44922	0.15240
2250.52075	0.15144
2248.59229	0.15038
2246.66382	0.14939
2244.73535	0.14854
2242.80688	0.14782
2240.87842	0.14720
2238.94995	0.14666
2237.02148	0.14619
2235.09302	0.14577
2233.16455	0.14538
2231.23608	0.14500
2229.30762	0.14459
2227.37915	0.14412
2225.45068	0.14361
2223.52222	0.14310
2221.59375	0.14264
2219.66528	0.14226
2217.73682	0.14198
2215.80835	0.14182
2213.87988	0.14176
2211.95142	0.14176
2210.02295	0.14177
2208.09448	0.14179
2206.16602	0.14182
2204.23755	0.14184
2202.30908	0.14181
2200.38062	0.14166
2198.45215	0.14137
2196.52368	0.14096
2194.59521	0.14053
2192.66675	0.14015
2190.73828	0.13986
2188.80981	0.13966
2186.88135	0.13957
2184.95288	0.13958
2183.02441	0.13967
2181.09595	0.13982
2179.16748	0.13994
2177.23901	0.13997
2175.31055	0.13989
2173.38208	0.13970
2171.45361	0.13943
2169.52515	0.13920
2167.59668	0.13909
2165.66821	0.13899
2163.73975	0.13877
2161.81128	0.13839
2159.88281	0.13789
2157.95435	0.13734
2156.02588	0.13681
2154.09741	0.13630
2152.16895	0.13580
2150.24048	0.13532
2148.31201	0.13490
2146.38354	0.13459
2144.45508	0.13444
2142.52661	0.13442
2140.59814	0.13452
2138.66968	0.13475
2136.74121	0.13512
2134.81274	0.13565
2132.88428	0.13632
2130.95581	0.13709
2129.02734	0.13790
2127.09888	0.13866
2125.17041	0.13930
2123.24194	0.13975
2121.31348	0.13997
2119.38501	0.13990
2117.45654	0.13947
2115.52808	0.13865
2113.59961	0.13750
2111.67114	0.13620
2109.74268	0.13486
2107.81421	0.13358
2105.88574	0.13240
2103.95728	0.13133
2102.02881	0.13038
2100.10034	0.12957
2098.17188	0.12885
2096.24341	0.12819
2094.31494	0.12756
2092.38647	0.12696
2090.45801	0.12640
2088.52954	0.12587
2086.60107	0.12535
2084.67261	0.12482
2082.74414	0.12433
2080.81567	0.12389
2078.88721	0.12354
2076.95874	0.12328
2075.03027	0.12311
2073.10181	0.12305
2071.17334	0.12311
2069.24487	0.12327
2067.31641	0.12349
2065.38794	0.12380
2063.45947	0.12421
2061.53101	0.12470
2059.60254	0.12522
2057.67407	0.12574
2055.74561	0.12614
2053.81714	0.12629
2051.88867	0.12615
2049.96021	0.12580
2048.03174	0.12534
2046.10327	0.12485
2044.17480	0.12435
2042.24634	0.12377
2040.31787	0.12306
2038.38940	0.12217
2036.46094	0.12120
2034.53247	0.12030
2032.60400	0.11958
2030.67554	0.11907
2028.74707	0.11875
2026.81860	0.11855
2024.89014	0.11844
2022.96167	0.11840
2021.03320	0.11840
2019.10474	0.11839
2017.17627	0.11838
2015.24780	0.11837
2013.31934	0.11831
2011.39087	0.11814
2009.46240	0.11784
2007.53394	0.11745
2005.60547	0.11699
2003.67700	0.11652
2001.74854	0.11603
1999.82007	0.11551
1997.89160	0.11497
1995.96313	0.11445
1994.03467	0.11399
1992.10620	0.11367
1990.17773	0.11358
1988.24927	0.11368
1986.32080	0.11385
1984.39233	0.11403
1982.46387	0.11416
1980.53540	0.11417
1978.60693	0.11408
1976.67847	0.11391
1974.75000	0.11375
1972.82153	0.11366
1970.89307	0.11365
1968.96460	0.11375
1967.03613	0.11407
1965.10767	0.11474
1963.17920	0.11569
1961.25073	0.11679
1959.32227	0.11779
1957.39380	0.11819
1955.46533	0.11765
1953.53687	0.11636
1951.60840	0.11497
1949.67993	0.11405
1947.75146	0.11385
1945.82300	0.11445
1943.89453	0.11593
1941.96606	0.11836
1940.03760	0.12141
1938.10913	0.12415
1936.18066	0.12567
1934.25220	0.12575
1932.32373	0.12478
1930.39526	0.12320
1928.46680	0.12128
1926.53833	0.11924
1924.60986	0.11745
1922.68140	0.11645
1920.75293	0.11648
1918.82446	0.11719
1916.89600	0.11779
1914.96753	0.11757
1913.03906	0.11634
1911.11060	0.11460
1909.18213	0.11293
1907.25366	0.11158
1905.32520	0.11055
1903.39673	0.10972
1901.46826	0.10907
1899.53979	0.10856
1897.61133	0.10816
1895.68286	0.10784
1893.75439	0.10767
1891.82593	0.10753
1889.89746	0.10738
1887.96899	0.10730
1886.04053	0.10729
1884.11206	0.10730
1882.18359	0.10743
1880.25513	0.10771
1878.32666	0.10813
1876.39819	0.10864
1874.46973	0.10919
1872.54126	0.10968
1870.61279	0.11001
1868.68433	0.11023
1866.75586	0.11047
1864.82739	0.11064
1862.89893	0.11056
1860.97046	0.11026
1859.04199	0.10992
1857.11353	0.10960
1855.18506	0.10930
1853.25659	0.10897
1851.32813	0.10860
1849.39966	0.10817
1847.47119	0.10769
1845.54272	0.10724
1843.61426	0.10707
1841.68579	0.10729
1839.75732	0.10761
1837.82886	0.10787
1835.90039	0.10828
1833.97192	0.10903
1832.04346	0.11010
1830.11499	0.11165
1828.18652	0.11372
1826.25806	0.11589
1824.32959	0.11740
1822.40112	0.11770
1820.47266	0.11660
1818.54419	0.11465
1816.61572	0.11276
1814.68726	0.11144
1812.75879	0.11060
1810.83032	0.10979
1808.90186	0.10866
1806.97339	0.10712
1805.04492	0.10545
1803.11646	0.10397
1801.18799	0.10290
1799.25952	0.10233
1797.33105	0.10217
1795.40259	0.10237
1793.47412	0.10306
1791.54565	0.10429
1789.61719	0.10559
1787.68872	0.10606
1785.76025	0.10532
1783.83179	0.10390
1781.90332	0.10246
1779.97485	0.10141
1778.04639	0.10086
1776.11792	0.10059
1774.18945	0.10039
1772.26099	0.10042
1770.33252	0.10080
1768.40405	0.10132
1766.47559	0.10171
1764.54712	0.10182
1762.61865	0.10167
1760.69019	0.10152
1758.76172	0.10154
1756.83325	0.10171
1754.90479	0.10204
1752.97632	0.10239
1751.04785	0.10275
1749.11938	0.10331
1747.19092	0.10413
1745.26245	0.10509
1743.33398	0.10610
1741.40552	0.10715
1739.47705	0.10831
1737.54858	0.10958
1735.62012	0.11089
1733.69165	0.11252
1731.76318	0.11469
1729.83472	0.11715
1727.90625	0.11967
1725.97778	0.12207
1724.04932	0.12446
1722.12085	0.12718
1720.19238	0.13055
1718.26392	0.13498
1716.33545	0.14097
1714.40698	0.14856
1712.47852	0.15742
1710.55005	0.16752
1708.62158	0.17929
1706.69312	0.19382
1704.76465	0.21298
1702.83618	0.23947
1700.90771	0.27858
1698.97925	0.33837
1697.05078	0.42941
1695.12231	0.56696
1693.19385	0.76745
1691.26538	1.04553
1689.33691	1.41942
1687.40845	1.86657
1685.47998	1.91499
1683.55151	1.45333
1681.62305	1.05597
1679.69458	0.77306
1677.76611	0.57732
1675.83765	0.44584
1673.90918	0.36138
1671.98071	0.30800
1670.05225	0.26994
1668.12378	0.23753
1666.19531	0.20886
1664.26685	0.18495
1662.33838	0.16677
1660.40991	0.15459
1658.48145	0.14716
1656.55298	0.14223
1654.62451	0.13839
1652.69604	0.13656
1650.76758	0.13797
1648.83911	0.14066
1646.91064	0.14025
1644.98218	0.13476
1643.05371	0.12726
1641.12524	0.12165
1639.19678	0.11893
1637.26831	0.11853
1635.33984	0.12013
1633.41138	0.12338
1631.48291	0.12775
1629.55444	0.13341
1627.62598	0.14097
1625.69751	0.14976
1623.76904	0.15777
1621.84058	0.16395
1619.91211	0.17035
1617.98364	0.18250
1616.05518	0.20949
1614.12671	0.26507
1612.19824	0.36803
1610.26978	0.53366
1608.34131	0.73543
1606.41284	0.83161
1604.48438	0.71821
1602.55591	0.54021
1600.62744	0.40098
1598.69897	0.31044
1596.77051	0.25230
1594.84204	0.21223
1592.91357	0.18559
1590.98511	0.17233
1589.05664	0.17128
1587.12817	0.18049
1585.19971	0.19874
1583.27124	0.22309
1581.34277	0.24605
1579.41431	0.26072
1577.48584	0.26916
1575.55737	0.27634
1573.62891	0.28000
1571.70044	0.27626
1569.77197	0.26659
1567.84351	0.25329
1565.91504	0.23674
1563.98657	0.21862
1562.05811	0.20174
1560.12964	0.18714
1558.20117	0.17426
1556.27271	0.16219
1554.34424	0.15040
1552.41577	0.13951
1550.48730	0.13045
1548.55884	0.12343
1546.63037	0.11800
1544.70190	0.11361
1542.77344	0.11006
1540.84497	0.10740
1538.91650	0.10575
1536.98804	0.10488
1535.05957	0.10414
1533.13110	0.10345
1531.20264	0.10309
1529.27417	0.10287
1527.34570	0.10263
1525.41724	0.10244
1523.48877	0.10231
1521.56030	0.10235
1519.63184	0.10292
1517.70337	0.10422
1515.77490	0.10638
1513.84644	0.10897
1511.91797	0.11053
1509.98950	0.11005
1508.06104	0.10826
1506.13257	0.10680
1504.20410	0.10634
1502.27563	0.10633
1500.34717	0.10651
1498.41870	0.10732
1496.49023	0.10910
1494.56177	0.11170
1492.63330	0.11465
1490.70483	0.11791
1488.77637	0.12214
1486.84790	0.12795
1484.91943	0.13562
1482.99097	0.14568
1481.06250	0.15919
1479.13403	0.17745
1477.20557	0.20203
1475.27710	0.23537
1473.34863	0.28014
1471.42017	0.33785
1469.49170	0.41153
1467.56323	0.50606
1465.63477	0.60156
1463.70630	0.63000
1461.77783	0.56905
1459.84937	0.48536
1457.92090	0.42177
1455.99243	0.38142
1454.06396	0.36140
1452.13550	0.36236
1450.20703	0.37290
1448.27856	0.36505
1446.35010	0.33219
1444.42163	0.30033
1442.49316	0.28794
1440.56470	0.29601
1438.63623	0.32151
1436.70776	0.35732
1434.77930	0.38569
1432.85083	0.39039
1430.92236	0.37413
1428.99390	0.34994
1427.06543	0.32461
1425.13696	0.29899
1423.20850	0.27797
1421.28003	0.27043
1419.35156	0.27834
1417.42310	0.28918
1415.49463	0.28528
1413.56616	0.26505
1411.63770	0.24218
1409.70923	0.22716
1407.78076	0.22065
1405.85229	0.21771
1403.92383	0.21301
1401.99536	0.20389
1400.06689	0.19087
1398.13843	0.17631
1396.20996	0.16279
1394.28149	0.15233
1392.35303	0.14659
1390.42456	0.14695
1388.49609	0.15525
1386.56763	0.17374
1384.63916	0.19900
1382.71069	0.21576
1380.78223	0.21294
1378.85376	0.20051
1376.92529	0.19089
1374.99683	0.18386
1373.06836	0.17518
1371.13989	0.16431
1369.21143	0.15488
1367.28296	0.15165
1365.35449	0.15659
1363.42603	0.16920
1361.49756	0.18961
1359.56909	0.22021
1357.64063	0.26526
1355.71216	0.32945
1353.78369	0.41684
1351.85522	0.52872
1349.92676	0.65250
1347.99829	0.73955
1346.06982	0.72802
1344.14136	0.63646
1342.21289	0.53458
1340.28442	0.45713
1338.35596	0.40511
1336.42749	0.36727
1334.49902	0.33129
1332.57056	0.29016
1330.64209	0.24583
1328.71362	0.20608
1326.78516	0.17700
1324.85669	0.15986
1322.92822	0.15329
1320.99976	0.15547
1319.07129	0.16424
1317.14282	0.17570
1315.21436	0.18381
1313.28589	0.18614
1311.35742	0.18719
1309.42896	0.18764
1307.50049	0.18057
1305.57202	0.16488
1303.64355	0.14914
1301.71509	0.14083
1299.78662	0.14232
1297.85815	0.15421
1295.92969	0.17487
1294.00122	0.19556
1292.07275	0.20399
1290.14429	0.19813
1288.21582	0.18838
1286.28735	0.18609
1284.35889	0.19926
1282.43042	0.23484
1280.50195	0.29593
1278.57349	0.37093
1276.64502	0.42415
1274.71655	0.41841
1272.78809	0.36046
1270.85962	0.28804
1268.93115	0.22731
1267.00269	0.18505
1265.07422	0.15920
1263.14575	0.14678
1261.21729	0.14602
1259.28882	0.15542
1257.36035	0.17198
1255.43188	0.18977
1253.50342	0.20238
1251.57495	0.20966
1249.64648	0.21814
1247.71802	0.23451
1245.78955	0.26511
1243.86108	0.32172
1241.93262	0.41535
1240.00415	0.52893
1238.07568	0.60227
1236.14722	0.59858
1234.21875	0.55077
1232.29028	0.48893
1230.36182	0.42059
1228.43335	0.35210
1226.50488	0.29064
1224.57642	0.24035
1222.64795	0.20245
1220.71948	0.17807
1218.79102	0.17188
1216.86255	0.19107
1214.93408	0.22952
1213.00562	0.25349
1211.07715	0.23577
1209.14868	0.19623
1207.22021	0.16412
1205.29175	0.14671
1203.36328	0.13857
1201.43481	0.13200
1199.50635	0.12466
1197.57788	0.12564
1195.64941	0.15439
1193.72095	0.22081
1191.79248	0.28622
1189.86401	0.28555
1187.93555	0.23697
1186.00708	0.19266
1184.07861	0.15897
1182.15015	0.13167
1180.22168	0.11652
1178.29321	0.11741
1176.36475	0.13343
1174.43628	0.15874
1172.50781	0.17727
1170.57935	0.17139
1168.65088	0.14505
1166.72241	0.11838
1164.79395	0.10364
1162.86548	0.10065
1160.93701	0.10322
1159.00854	0.10418
1157.08008	0.09933
1155.15161	0.08971
1153.22314	0.07915
1151.29468	0.07038
1149.36621	0.06417
1147.43774	0.06014
1145.50928	0.05772
1143.58081	0.05648
1141.65234	0.05630
1139.72388	0.05740
1137.79541	0.06015
1135.86694	0.06533
1133.93848	0.07460
1132.01001	0.09176
1130.08154	0.12403
1128.15308	0.17713
1126.22461	0.23752
1124.29614	0.26522
1122.36768	0.24417
1120.43921	0.21385
1118.51074	0.20714
1116.58228	0.21331
1114.65381	0.20295
1112.72534	0.16994
1110.79688	0.13164
1108.86841	0.10146
1106.93994	0.08172
1105.01147	0.06976
1103.08301	0.06278
1101.15454	0.05916
1099.22607	0.05810
1097.29761	0.05883
1095.36914	0.06060
1093.44067	0.06364
1091.51221	0.07025
1089.58374	0.08471
1087.65527	0.11027
1085.72681	0.14156
1083.79834	0.15961
1081.86987	0.14898
1079.94141	0.11993
1078.01294	0.09277
1076.08447	0.07552
1074.15601	0.06631
1072.22754	0.06206
1070.29907	0.06110
1068.37061	0.06298
1066.44214	0.06827
1064.51367	0.07870
1062.58521	0.09709
1060.65674	0.12489
1058.72827	0.15459
1056.79980	0.16732
1054.87134	0.15252
1052.94287	0.12388
1051.01440	0.09996
1049.08594	0.08675
1047.15747	0.08213
1045.22900	0.08345
1043.30054	0.08908
1041.37207	0.09688
1039.44360	0.10329
1037.51514	0.10615
1035.58667	0.10755
1033.65820	0.11036
1031.72974	0.11342
1029.80127	0.11323
1027.87280	0.11055
1025.94434	0.11216
1024.01587	0.12243
1022.08740	0.13286
1020.15894	0.13043
1018.23047	0.12004
1016.30200	0.11929
1014.37354	0.13906
1012.44507	0.18650
1010.51660	0.26972
1008.58813	0.37809
1006.65967	0.45784
1004.73120	0.45206
1002.80273	0.37775
1000.87427	0.28692
998.94580	0.21084
997.01733	0.15808
995.08887	0.12517
993.16040	0.10556
991.23193	0.09353
989.30347	0.08502
987.37500	0.07804
985.44653	0.07303
983.51807	0.07157
981.58960	0.07231
979.66113	0.07057
977.73267	0.06493
975.80420	0.05904
973.87573	0.05533
971.94727	0.05307
970.01880	0.05136
968.09033	0.05025
966.16187	0.05013
964.23340	0.05187
962.30493	0.05654
960.37646	0.06319
958.44800	0.06725
956.51953	0.06517
954.59106	0.06003
952.66260	0.05732
950.73413	0.05875
948.80566	0.06373
946.87720	0.07234
944.94873	0.08581
943.02026	0.10607
941.09180	0.13499
939.16333	0.17348
937.23486	0.21894
935.30640	0.25692
933.37793	0.26064
931.44946	0.22159
929.52100	0.16500
927.59253	0.11662
925.66406	0.08417
923.73560	0.06504
921.80713	0.05468
919.87866	0.04942
917.95020	0.04707
916.02173	0.04662
914.09326	0.04769
912.16479	0.04990
910.23633	0.05219
908.30786	0.05336
906.37939	0.05370
904.45093	0.05585
902.52246	0.06373
900.59399	0.08177
898.66553	0.11470
896.73706	0.16462
894.80859	0.21832
892.88013	0.24125
890.95166	0.22165
889.02319	0.19837
887.09473	0.20445
885.16626	0.23121
883.23779	0.24183
881.30933	0.21552
879.38086	0.17104
877.45239	0.13255
875.52393	0.10612
873.59546	0.08749
871.66699	0.07240
869.73853	0.05963
867.81006	0.04953
865.88159	0.04223
863.95313	0.03723
862.02466	0.03388
860.09619	0.03158
858.16772	0.03014
856.23926	0.03014
854.31079	0.03317
852.38232	0.04193
850.45386	0.05815
848.52539	0.07548
846.59692	0.08014
844.66846	0.06956
842.73999	0.05677
840.81152	0.05144
838.88306	0.05494
836.95459	0.07014
835.02612	0.10522
833.09766	0.16211
831.16919	0.21486
829.24072	0.21964
827.31226	0.17406
825.38379	0.11780
823.45532	0.07733
821.52686	0.05478
819.59839	0.04337
817.66992	0.03827
815.74146	0.03776
813.81299	0.04119
811.88452	0.04676
809.95605	0.05069
808.02759	0.05090
806.09912	0.05081
804.17065	0.05618
802.24219	0.06814
800.31372	0.07919
798.38525	0.07836
796.45679	0.06426
794.52832	0.04653
792.59985	0.03344
790.67139	0.02656
788.74292	0.02439
786.81445	0.02562
784.88599	0.02994
782.95752	0.03819
781.02905	0.05264
779.10059	0.07764
777.17212	0.12089
775.24365	0.19278
773.31519	0.29299
771.38672	0.37801
769.45825	0.37227
767.52979	0.28618
765.60132	0.19527
763.67285	0.13271
761.74438	0.09561
759.81592	0.07403
757.88745	0.06130
755.95898	0.05429
754.03052	0.05190
752.10205	0.05386
750.17358	0.06105
748.24512	0.07589
746.31665	0.09881
744.38818	0.12528
742.45972	0.15411
740.53125	0.19089
738.60278	0.22704
736.67432	0.23245
734.74585	0.19658
732.81738	0.14513
730.88892	0.10251
728.96045	0.07602
727.03198	0.06431
725.10352	0.06261
723.17505	0.06211
721.24658	0.05472
719.31812	0.04131
717.38965	0.02839
715.46118	0.01942
713.53271	0.01387
711.60425	0.01044
709.67578	0.00830
707.74731	0.00704
705.81885	0.00641
703.89038	0.00626
701.96191	0.00680
700.03345	0.00898
698.10498	0.01571
696.17651	0.03211
694.24805	0.05858
692.31958	0.08100
690.39111	0.08089
688.46265	0.06086
686.53418	0.03900
684.60571	0.02491
682.67725	0.01706
680.74878	0.01224
678.82031	0.00952
676.89185	0.00897
674.96338	0.00952
673.03491	0.00881
671.10645	0.00615
669.17798	0.00330
667.24951	0.00145
665.32104	0.00041
663.39258	-0.00003
661.46411	-0.00016
659.53564	-0.00041
657.60718	-0.00091
655.67871	-0.00150
653.75024	-0.00204
651.82178	-0.00246
649.89331	-0.00270
647.96484	-0.00277
646.03638	-0.00275
644.10791	-0.00244
642.17944	-0.00078
640.25098	0.00306
638.32251	0.00613
636.39404	0.00458
634.46558	0.00040
632.53711	-0.00225
630.60864	-0.00308
628.68018	-0.00341
626.75171	-0.00352
624.82324	-0.00330
622.89478	-0.00266
620.96631	-0.00157
619.03784	-0.00026
617.10938	0.00082
615.18091	0.00165
613.25244	0.00276
611.32397	0.00465
609.39551	0.00810
607.46704	0.01547
605.53857	0.03019
603.61011	0.04997
601.68164	0.06147
599.75317	0.05427
